01
2
5
Apolo
Erni
Mart
Saturn
Venus
10
Aigua
Ferro
Fusta
Oli
Pebre
Pedra
Plastic
Sal
Vidre
Vinagre
5
0.0,114.94781424629178,99.62429422585637,116.76472069936193,130.86252328302402
114.94781424629178,0.0,83.35466393669883,2.23606797749979,17.029386365926403
99.62429422585637,83.35466393669883,0.0,83.24061508662703,87.92041856133307
116.76472069936193,2.23606797749979,83.24061508662703,0.0,14.866068747318506
130.86252328302402,17.029386365926403,87.92041856133307,14.866068747318506,0.0
5
10
0,1,1,1,0,1,0,0,0,0
0,0,0,1,0,1,0,0,0,0
1,0,0,0,1,0,1,1,0,1
0,1,0,0,0,0,1,1,0,0
1,0,1,0,0,0,0,0,0,0
5
10
0,1,0,0,0,0,0,0,0,0
1,0,1,0,1,0,1,0,0,1
0,0,0,0,1,1,1,0,0,0
1,0,0,0,0,0,0,1,1,0
0,1,0,1,0,1,0,0,0,1
10
11
12
00
