02
4
0,1.2,1.3,1.4
1.2,0,2.5,3.7
1.3,2.5,0,4.9
1.4,3.7,4.9,0
4
5
1,0,0,0,0
0,1,0,1,0
1,0,1,0,1
1,1,1,0,1
4
5
0,0,1,0,0
1,0,1,0,1
0,1,0,1,0
0,0,0,1,0
4
terra
pluto
saturn
mercuri
5
or
ferro
terra
bronze
plata
05
1
2
05
4
0
05
0
4
05
-1
0
05
0
-1
06
1
3
06
4
0
06
0
4
06
0
5
06
-1
0
06
0
-1
07
2
4
07
4
0
07
0
4
07
0
5
07
-1
0
07
0
-1
08
0
08
-1
08
4
08
5
09
0
09
-1
09
3
09
4
10
4
0
10.5
10
0
4
10.5
10
3
3
10.5
10
0
-1
10.5
10
-1
0
10.5
05
3
3
11
4
0
21
11
0
5
21
11
-1
0
21
11
0
-1
21
11
3
4
21
06
3
4
12
4
0
21
12
0
5
21
12
-1
0
21
12
0
-1
21
12
3
4
21
07
3
4
13
-1
argila
13
5
argila
13
4
argila
08
4
14
-1
sol
14
4
sol
14
3
sol
09
3
15
20
16
21
17
22
18
23
19
24
25
00